198044 1  5  8  8  11  16  18  31  34  34  37  57  60  60
 198045 1  12  15  15  18  30  33  33  36  41  44  44  47  79  81  89  91  252  255  262
 198048 1  10  12  21  23  33  35  46  48  58  61  72
 198049 1  57
 198050 1  155
 198063 1  302
 198116 1  11  14  30  33  33  36  112
 198202 1  2  4  4  8  104
 198207 1  97
 198208 1  209
 198210 1  221
 198212 1  574
 198213 1  107
 198215 1  13  16  16  19  21
 198229 5  66
 198230 1  1380
 198249 1  9
 198268 1  64
 198269 1  199  201  201  203  203
 198271 1  797
 198272 1  245  248  444  454  626
 198346 1  75  77  86
 198372 1  50  54  54  57  118
 198485 1  240
 198487 1  1618
 198522 1  58  62  62  65  208
 198941 1  295
 198954 1  277
 198955 1  1552
 198969 1  365  367  1281
 199008 1  482  485  644
 199011 1  27
 199021 1  533  535  1506
 199103 56  790
 199318 1  138
 199319 1  997
 199336 1  987
 199356 1  236
 199409 1  1316
 199428 1  382  387  648
 199429 1  159
 199435 1  1610
 199436 1  254  257  758
 199564 1  4
 199569 1  367
 199570 1  17
 199571 1  561
 199572 1  317
 199573 1  22
 199574 1  257
 199608 1  2438
 199698 10  127
 199699 1  756
 199703 1  546
 199739 3  174
 199745 1  147
 199751 1  127
 199752 1  322
 199753 1  59
 199754 1  1022
 199804 1  644
 199812 1  181  187  805
 199832 1  286
 199833 1  1239
 199834 1  950
 199862 1  142
 199864 1  486
 199867 1  320
 199868 1  29
 199875 1  334
 199876 1  376
 199877 1  877
 199960 1  197  204  485
 199961 1  295
 199967 1  170  172  207
 199973 1  99
 200041 1  1240
 200042 1  536
 200049 1  411
 200075 4  611
 200091 2  999  1001  1710
 200152 1  152
 200160 1  68
 200161 1  119
 200174 1  84
 200177 1  56
 200178 1  38
 200180 1  18
 200186 1  24
 200188 1  352
 200190 1  256  258  565  567  885
 200228 1  129
 200229 1  33  41  531  534  638
 200243 1  139
 200244 1  619
 200245 1  378
 200368 1  180
 200369 1  694
 200381 3  203
 200466 1  356
 200473 1  1334
 200491 1  448
 200515 1  183
 200532 1  64